# Blender 3.4.1
# www.blender.org
mtllib cavalletto.mtl
o trave1
v -0.169743 0.704544 -0.458675
v -0.544686 -0.526961 -0.366510
v -0.226403 0.721215 -0.466413
v -0.601346 -0.510289 -0.374248
v -0.163550 0.698250 -0.517584
v -0.538493 -0.533255 -0.425419
v -0.220210 0.714921 -0.525322
v -0.595153 -0.516583 -0.433157
vn 0.2905 0.9542 -0.0714
vn -0.9512 0.2799 -0.1299
vn 0.1040 -0.1057 -0.9890
vn -0.2905 -0.9542 0.0714
vn -0.1040 0.1057 0.9890
vn 0.9512 -0.2799 0.1299
vt 0.625000 0.500000
vt 0.375000 0.500000
vt 0.625000 0.750000
vt 0.375000 0.750000
vt 0.875000 0.500000
vt 0.625000 0.250000
vt 0.125000 0.500000
vt 0.375000 0.250000
vt 0.875000 0.750000
vt 0.625000 1.000000
vt 0.625000 0.000000
vt 0.375000 1.000000
vt 0.375000 0.000000
vt 0.125000 0.750000
s 0
usemtl legno
f 1/1/1 5/5/1 7/9/1 3/3/1
f 4/4/2 3/3/2 7/10/2 8/12/2
f 8/13/3 7/11/3 5/6/3 6/8/3
f 6/7/4 2/2/4 4/4/4 8/14/4
f 2/2/5 1/1/5 3/3/5 4/4/5
f 6/8/6 5/6/6 1/1/6 2/2/6
o trave2
v -0.062222 0.718865 -0.448902
v 0.303833 -0.507089 -0.279429
v -0.119005 0.701343 -0.452999
v 0.247049 -0.524610 -0.283526
v -0.056029 0.712571 -0.507810
v 0.310026 -0.513383 -0.338338
v -0.112812 0.695049 -0.511908
v 0.253242 -0.530905 -0.342435
vn -0.2836 0.9499 -0.1313
vn -0.9533 -0.2941 -0.0688
vn 0.1040 -0.1057 -0.9890
vn 0.2836 -0.9499 0.1313
vn -0.1040 0.1057 0.9890
vn 0.9533 0.2941 0.0688
vt 0.625000 0.500000
vt 0.375000 0.500000
vt 0.625000 0.750000
vt 0.375000 0.750000
vt 0.875000 0.500000
vt 0.625000 0.250000
vt 0.125000 0.500000
vt 0.375000 0.250000
vt 0.875000 0.750000
vt 0.625000 1.000000
vt 0.625000 0.000000
vt 0.375000 1.000000
vt 0.375000 0.000000
vt 0.125000 0.750000
s 0
usemtl legno
f 9/15/7 13/19/7 15/23/7 11/17/7
f 12/18/8 11/17/8 15/24/8 16/26/8
f 16/27/9 15/25/9 13/20/9 14/22/9
f 14/21/10 10/16/10 12/18/10 16/28/10
f 10/16/11 9/15/11 11/17/11 12/18/11
f 14/22/12 13/20/12 9/15/12 10/16/12
o trave3
v -0.116640 0.681426 -0.453479
v -0.032904 -0.540885 -1.249981
v -0.175880 0.681426 -0.459707
v -0.092144 -0.540885 -1.256209
v -0.111294 0.714928 -0.504329
v -0.027558 -0.507384 -1.300831
v -0.170534 0.714928 -0.510557
v -0.086799 -0.507384 -1.307059
vn -0.0573 0.8364 0.5451
vn -0.9945 -0.0000 -0.1046
vn 0.0875 0.5481 -0.8319
vn 0.0573 -0.8364 -0.5451
vn -0.0875 -0.5481 0.8319
vn 0.9945 -0.0000 0.1046
vt 0.625000 0.500000
vt 0.375000 0.500000
vt 0.625000 0.750000
vt 0.375000 0.750000
vt 0.875000 0.500000
vt 0.625000 0.250000
vt 0.125000 0.500000
vt 0.375000 0.250000
vt 0.875000 0.750000
vt 0.625000 1.000000
vt 0.625000 0.000000
vt 0.375000 1.000000
vt 0.375000 0.000000
vt 0.125000 0.750000
s 0
usemtl legno
f 17/29/13 21/33/13 23/37/13 19/31/13
f 20/32/14 19/31/14 23/38/14 24/40/14
f 24/41/15 23/39/15 21/34/15 22/36/15
f 22/35/16 18/30/16 20/32/16 24/42/16
f 18/30/17 17/29/17 19/31/17 20/32/17
f 22/36/18 21/34/18 17/29/18 18/30/18
o trave4
v -0.573326 0.048170 -0.445949
v -0.573326 0.077953 -0.445949
v 0.295531 0.048170 -0.354606
v 0.295531 0.077953 -0.354606
v -0.575402 0.048170 -0.426202
v -0.575402 0.077953 -0.426202
v 0.293455 0.048170 -0.334859
v 0.293455 0.077953 -0.334859
vn 0.1046 -0.0000 -0.9945
vn 0.9945 -0.0000 0.1046
vn -0.1046 -0.0000 0.9945
vn -0.9945 -0.0000 -0.1046
vn -0.0000 -1.0000 -0.0000
vn -0.0000 1.0000 -0.0000
vt 0.375000 0.000000
vt 0.375000 1.000000
vt 0.125000 0.750000
vt 0.625000 0.000000
vt 0.625000 1.000000
vt 0.875000 0.750000
vt 0.375000 0.250000
vt 0.125000 0.500000
vt 0.625000 0.250000
vt 0.875000 0.500000
vt 0.375000 0.750000
vt 0.625000 0.750000
vt 0.375000 0.500000
vt 0.625000 0.500000
s 0
usemtl legno
f 25/43/19 26/46/19 28/51/19 27/49/19
f 27/49/20 28/51/20 32/56/20 31/55/20
f 31/55/21 32/56/21 30/54/21 29/53/21
f 29/53/22 30/54/22 26/47/22 25/44/22
f 27/50/23 31/55/23 29/53/23 25/45/23
f 32/56/24 28/52/24 26/48/24 30/54/24
